0.24318056 0.1684552999999999 -0.1611915 -0.8290708273986663 -0.5087993972844479 -0.24016655850417545
0.24269563280710277 0.16901228205623497 -0.16137455738372025 -0.8306359335133588 -0.5090683571292431 -0.23854859436679066
0.24221070561420555 0.16956926411247006 -0.1615576147674405 -0.8322017700851652 -0.5093351047739048 -0.23692990808363174
0.2416891834992557 0.17016358655325325 -0.16177891120102297 -0.8337012819928595 -0.5094999318154969 -0.23526693768606333
0.24053915799900757 0.1713992154043377 -0.16265694826803062 -0.8340471700361669 -0.507950903599981 -0.23285680121028787
0.23938913249875943 0.17263484425542214 -0.1635349853350383 -0.8343884902568074 -0.5064011522147683 -0.23044935162798993
0.23828749293261653 0.1738091732957879 -0.16436634411887022 -0.8346230823074385 -0.5049622401425968 -0.22817892373072723
0.23757716508805268 0.17448775217841925 -0.16482020147201526 -0.8340290519492981 -0.5044255151245841 -0.22699621711717946
0.2368668372434888 0.17516633106105056 -0.1652740588251603 -0.8334344729000304 -0.5038894054552109 -0.22581349659853953
0.23620740823292097 0.17577997063185744 -0.165718852923755 -0.8326361305277462 -0.503391900425794 -0.2248426504884907
0.23580543581435662 0.17606513403539717 -0.16611780324861666 -0.8308098541970287 -0.5030867126383529 -0.22494319488586578
0.23540346339579227 0.1763502974389369 -0.16651675357347834 -0.8289839195614345 -0.5027813645175757 -0.22504308615848767
0.23491428494354596 0.17680588963655644 -0.16693917008616768 -0.8279233250067042 -0.5023940753164449 -0.22439088144793262
0.23411607868884146 0.17786542210626954 -0.16744474259334832 -0.829571811172886 -0.5017139951763038 -0.2210771035300377
0.23331787243413696 0.17892495457598262 -0.16795031510052896 -0.8312171023459737 -0.5010291320021785 -0.21776584761268158
0.23242977162311643 0.18002797235793214 -0.16853383421250032 -0.8324388999238628 -0.5007149906882019 -0.2149303665509099
0.23130480573132417 0.1812455705151276 -0.16932273649333368 -0.8325529252583376 -0.5013884176429841 -0.21334233057619734
0.23017983983953194 0.18246316867232307 -0.17011163877416705 -0.8326682125539775 -0.5020616848965852 -0.21175362034707093
0.22909494389608653 0.1836655090827095 -0.17092965573486352 -0.8325424409263814 -0.5021917600970843 -0.20955051863171426
0.228091353928085 0.18483688998257589 -0.17180674932389794 -0.8319230753822923 -0.5012211601418134 -0.2061026665875785
0.22708776396008346 0.18600827088244223 -0.17268384291293237 -0.8313002282828243 -0.5002524379498224 -0.20265595923916196
0.22594079328135275 0.1872497518044519 -0.1736147307730116 -0.8307751646281043 -0.5000788536203414 -0.19953349511620894
0.2245628519063577 0.18860415622112311 -0.17463227534008485 -0.8304142563604675 -0.5011842629799463 -0.19693110054396792
0.22318491053136266 0.18995856063779432 -0.1756498199071581 -0.830056412425537 -0.5022904927351329 -0.1943275821980496
0.22217084376386434 0.1909604025608222 -0.17638228302914696 -0.8300644458050414 -0.5026055123944898 -0.19186823909274608
0.2215696723181812 0.19156218522916815 -0.1767912589041926 -0.8304837580329826 -0.5020214036942027 -0.18957422346305108
0.22096850087249806 0.1921639678975141 -0.1772002347792382 -0.8309014066608001 -0.5014364536322184 -0.1872812227865548
0.2199124630904795 0.19308637905375883 -0.17801608876768443 -0.8299120747783219 -0.5013121818460055 -0.1849508112885843
0.21844244483960668 0.19430059886046938 -0.17920224844529004 -0.827643676943911 -0.5016113273789335 -0.18258596289016052
0.21697242658873386 0.1955148186671799 -0.1803884081228956 -0.825375717191679 -0.5019151756406603 -0.18022150344895044
0.21555694965280894 0.19691188895710707 -0.18144055740617002 -0.8253452838073402 -0.5018209128249731 -0.17611717446261618
0.21418157411112654 0.19844339970417968 -0.18239417581132375 -0.8269575809506583 -0.5014254785287097 -0.17073488730336522
0.21280619856944416 0.1999749104512523 -0.18334779421647746 -0.8285670755412712 -0.5010224425808844 -0.16535451121631048
0.21181503446916064 0.20101408926055855 -0.18406668499985354 -0.8291729459049614 -0.501518507275736 -0.1625270799176101
0.21102103589362067 0.20180061842334648 -0.1846651207687951 -0.8292661847797173 -0.5024784685823268 -0.16100832794857844
0.2102270373180807 0.20258714758613444 -0.18526355653773666 -0.8293611372509246 -0.5034383046085753 -0.1594886715553185
0.2089614020101819 0.2039530423844691 -0.18644590885808746 -0.8282555120290628 -0.5037847318087315 -0.1577229155513569
0.20750825032472314 0.205549285113333 -0.18786041849148286 -0.826672226968307 -0.5038895246251622 -0.1558596149009147
0.20605509863926438 0.20714552784219692 -0.18927492812487823 -0.8250890750202768 -0.5039969007431354 -0.15399639705883325
0.2046372429673426 0.20893428952406698 -0.19083564541108666 -0.8230440190721818 -0.5048524509375728 -0.1520843906738235
0.2032298980729501 0.2107803813030911 -0.19243990178167902 -0.8208623384969798 -0.5059335826090792 -0.1501592056926458
0.20182255317855766 0.21262647308211519 -0.19404415815227136 -0.8186817317937215 -0.5070183858576285 -0.1482355664746239
0.20102408294680887 0.21373249621041224 -0.1949272400490529 -0.8174861301980215 -0.5081912402524565 -0.146763987359722
0.2003542647403044 0.21468214671134053 -0.19565794155902805 -0.8164996369002299 -0.5093833274961207 -0.14538812919487182
0.1996844465337999 0.21563179721226883 -0.19638864306900322 -0.8155143661220801 -0.510576598782841 -0.144012701444156
0.19832093473047363 0.21851399414118872 -0.19861941455973484 -0.8111168289879243 -0.5090122235873792 -0.14291230807975466
0.19686335177278796 0.22165826192410987 -0.2010536091689097 -0.806259174588957 -0.5070780568768463 -0.14184013364641077
0.19594611876026768 0.22405672001530053 -0.20291879879360444 -0.8035434466635452 -0.5054494906003429 -0.14164930037769813
0.1950776233598943 0.2263879087677669 -0.20473266622516972 -0.8010227170675556 -0.5038485049295292 -0.14153410170983116
0.19420912795952092 0.2287190975202333 -0.206546533656735 -0.798503996601522 -0.5022477784259237 -0.14141440058155444
0.19391037429378377 0.2298948565058188 -0.2074239935539961 -0.7984532564050425 -0.5009083668619 -0.13965630873469753
0.19362785946674752 0.23103768331095492 -0.20827476386546168 -0.7984701149475518 -0.49957637101411956 -0.13785290971528255
0.19332677769936252 0.23222108437980188 -0.2091660750568676 -0.7984289623167415 -0.4983198513806532 -0.13610256129172377
0.1923643936575522 0.23484962677894577 -0.2115013385424163 -0.7964172307821851 -0.4997523599765716 -0.13619658184634023
0.19140200961574189 0.23747816917808964 -0.21383660202796495 -0.7944037690582735 -0.5011846995231313 -0.1362939618409785
0.1904848407836688 0.24012730387145909 -0.21605438802791266 -0.7932979012048846 -0.5021982960575027 -0.13589165331881295
0.19007164222167297 0.24300596097869484 -0.21696276596605107 -0.8023033630010732 -0.49852080766323986 -0.12991072980029839
0.1896584436596771 0.24588461808593062 -0.21787114390418952 -0.8112656272560983 -0.4947963235388288 -0.12397966258357986
0.18925060718329811 0.24838941175355939 -0.21881413597232924 -0.817854242849602 -0.49166148372694163 -0.11962779361753391
0.1888643903993185 0.24938680454376802 -0.219896690683957 -0.8150306577532882 -0.49107020661118767 -0.12146011329018204
0.18847817361533886 0.25038419733397665 -0.22097924539558478 -0.81220920105015 -0.4904743719703134 -0.12328995192824493
0.18793711975201385 0.25165364499025383 -0.2224432232007786 -0.8085976808233354 -0.49062573252739067 -0.12511594081564809
0.1869407116889667 0.2537231679666215 -0.2250289129903408 -0.8026494387040026 -0.4929801660897477 -0.1269484209878447
0.18594430362591952 0.2557926909429892 -0.227614602779903 -0.796688768672847 -0.495324939747873 -0.12879910744087408
0.18503661749808822 0.2579756274354558 -0.22994681330856023 -0.7936956111511267 -0.496534151150329 -0.12935159221073986
0.18432754602955806 0.26041245364307974 -0.23171158020648436 -0.7973651632924958 -0.4952146933497508 -0.12696812125731274
0.1836184745610279 0.2628492798507036 -0.23347634710440848 -0.8010285157076019 -0.4938875581251278 -0.12459186548101885
0.1829658813503801 0.26531738404366395 -0.23517655683354574 -0.8050777761759904 -0.4910175071185261 -0.12204691808705295
0.1824120572122838 0.26784018711932334 -0.2367638691057377 -0.8097890618652802 -0.4854521001077549 -0.11922264063678668
0.18185823307418747 0.27036299019498267 -0.2383511813779297 -0.8144688756013164 -0.47987504250136814 -0.11643618589607707
0.18131324042662988 0.2723708505316429 -0.2395589670993837 -0.8189506253921378 -0.47658993257999477 -0.11406682957355077
0.18078050303223422 0.27366413685584123 -0.24024009269019145 -0.8231912952607479 -0.4764930024064278 -0.112235562869627
0.18024776563783856 0.2749574231800396 -0.2409212182809992 -0.8274315385898797 -0.47638917288579546 -0.11040487004702404
0.17947249167015322 0.27644613535133733 -0.24227075947908921 -0.8288298819946115 -0.47656016749650876 -0.10846664827506346
0.17842789988840843 0.2781518525756778 -0.2443625237068642 -0.8270734028459164 -0.4770445441639922 -0.10640883543568773
0.17738330810666364 0.27985756980001836 -0.2464542879346392 -0.8253176082031096 -0.47753213082697565 -0.10435146646851302
0.1765927689423935 0.2816448704725236 -0.24828937766877132 -0.8246050398055972 -0.4742815631643032 -0.10354357238183608
0.17602855423493743 0.28350485030013634 -0.24989580723034086 -0.8248225516875156 -0.4676987790369954 -0.10384892959137697
0.1754643395274814 0.2853648301277491 -0.25150223679191036 -0.8250415919740481 -0.46111605446157594 -0.10415488030066243
0.17475592205864363 0.2871027433618049 -0.25271725254665744 -0.8276674607306331 -0.4578568359552379 -0.1036274423383333
0.17394473518861045 0.28875366304174555 -0.25365331828573673 -0.8320054450002152 -0.4569627085818314 -0.10250957191731125
0.17313354831857727 0.2904045827216862 -0.254589384024816 -0.8363404041648547 -0.4560642403534155 -0.1013965242261621
0.17232236144854413 0.29205550240162687 -0.25552544976389535 -0.8406723346393202 -0.45516145117790685 -0.10028831435750517
0.17162662719837438 0.29310288258109624 -0.2565707537496247 -0.8411654804816118 -0.4566755894140025 -0.10114245962403162
0.17098400783519396 0.29387259966033397 -0.2576663136510067 -0.8398877581436319 -0.45930126183292924 -0.10290299130608346
0.17034138847201355 0.2946423167395717 -0.2587618735523886 -0.8386032088621714 -0.4619249090635796 -0.10466956358123973
0.16948887474133995 0.2962727916756383 -0.26086572539318503 -0.8366781859674252 -0.4610140634254132 -0.10747891353148227
0.1685625860434166 0.2982058110937505 -0.2633239779055997 -0.8345381979548435 -0.4588560462694411 -0.11064599979925421
0.16763629734549323 0.3001388305118627 -0.2657822304180144 -0.8324081129146655 -0.45669197487966173 -0.11380456317748822
0.16730802644728238 0.30094379506507124 -0.26694643043935273 -0.8302535140116839 -0.4543038083022743 -0.11637212447266444
0.16713401059737182 0.30145778473800905 -0.26777683750400966 -0.8280992653808287 -0.4518545754076546 -0.11878070005753201
0.16695999474746126 0.3019717744109469 -0.26860724456866664 -0.8259541261614305 -0.44940069289448004 -0.12118055697393466
0.1661940855899065 0.30345474695293023 -0.26996757231910706 -0.8293672473773419 -0.4531632042519478 -0.12246624506568186
0.16534635130563133 0.3050716746267348 -0.2714011579129899 -0.8335514793775519 -0.4577894144260539 -0.12358074928088422
0.16449861702135612 0.30668860230053935 -0.2728347435068728 -0.8377395561875318 -0.4624197738884143 -0.12467617443565142
0.1647247615943657 0.3075567298368007 -0.27407924664946803 -0.8378939829042085 -0.4574516026033408 -0.12736185902466687
0.16499379536274525 0.3083949513597587 -0.27531619810768165 -0.8379032900457051 -0.4520999979266782 -0.1301043669008857
0.16523594902518024 0.3092186190145682 -0.2765179720124399 -0.837944217982565 -0.4470549049383402 -0.13284216579316796
0.16493417362555896 0.3097477836689949 -0.2770079148814183 -0.8383021215279449 -0.44821182530123904 -0.13562391709647156
0.1646323982259377 0.3102769483234217 -0.27749785775039665 -0.8386566502380672 -0.4493696388671102 -0.138406759351213
0.16438170054135862 0.31082090290878056 -0.2780782787226597 -0.838635481482942 -0.4503020888056056 -0.14127270251961238
0.16439234672404068 0.31144053154774876 -0.27912163930362205 -0.8367085148619741 -0.45007396996924937 -0.14455817646347177
0.16440299290672275 0.31206016018671695 -0.2801649998845843 -0.8347826058698999 -0.44984015290753593 -0.14784278967025705
0.16442036157640535 0.3125934196246037 -0.2809967206908468 -0.8336861771922175 -0.4488569752532025 -0.15096036529291673
0.1644550314841122 0.3129043961327129 -0.2812837576446629 -0.8347267452971371 -0.4459594321309684 -0.15364973277987973
0.16448970139181904 0.3132153726408221 -0.28157079459847895 -0.835774500546713 -0.44306442232651116 -0.15633872868611123
0.1644332111728604 0.3133465404793481 -0.2819676967769557 -0.8355033704946896 -0.44077207042124156 -0.15839502694978072
0.16419568819027405 0.31312063048604616 -0.28258277773572194 -0.8326028948099092 -0.43967090486698013 -0.1591927785450593
0.1639581652076877 0.3128947204927442 -0.28319785869448816 -0.8297048915559413 -0.4385676515866917 -0.1599865861246513
0.163693122590216 0.3126894141625897 -0.28379388219256985 -0.8270708038255276 -0.4386787478141427 -0.16030109549489893
0.16338502410778843 0.31251634330873307 -0.28436008932655166 -0.824845718363046 -0.44069297268921914 -0.1598738438102062
0.16307692562536083 0.3123432724548764 -0.2849262964605335 -0.8226194647644162 -0.4427080530488257 -0.15945114595352522
0.16264551737131008 0.3120418590499523 -0.28542778305574806 -0.8202877891042213 -0.4439496780206087 -0.1590154687660475
0.16208335062421572 0.31160435035955275 -0.2858606395658787 -0.8178450694031867 -0.44437118675731535 -0.1585631421255348
0.1615211838771214 0.31116684166915326 -0.2862934960760093 -0.815402070027797 -0.4447936919924238 -0.15811186649833683
0.1608903642737675 0.3109830703231368 -0.28670408534225295 -0.8133921274891803 -0.44542242512623975 -0.1580339587624769
0.16020117676464043 0.3110150236856757 -0.28709574324185244 -0.8117498900910262 -0.44622560056490473 -0.15827402734680648
0.15951198925551338 0.31104697704821455 -0.28748740114145194 -0.8101068072564521 -0.44702841911465735 -0.15851565068404008
0.15907701568714455 0.3111561016821451 -0.28754395604976185 -0.810905551468391 -0.44731976360466885 -0.1580358372704092
0.1588146707888654 0.31131763089274744 -0.2873729530847433 -0.813362765525386 -0.4472622381322952 -0.15706552142639557
0.15855232589058627 0.31147916010334975 -0.2872019501197247 -0.8158198474552388 -0.4472025631794391 -0.15609539255304816
0.15823718228296396 0.31161431205079065 -0.2870273683300561 -0.8159193669391828 -0.44518668895133323 -0.15748074484297556
0.15789368228413 0.3117352976672246 -0.28685086447537644 -0.814761592776908 -0.4421186943117495 -0.16012462473319855
0.15755018228529605 0.31185628328365844 -0.2866743606206968 -0.8136144582617376 -0.43904794974607203 -0.16276075520945396
0.15720977310546624 0.3122306202190871 -0.28631779858914513 -0.8145494034613529 -0.4358854922063621 -0.1648570916253852
0.1568706534446957 0.3127106577322857 -0.2858861145751894 -0.8163535038386346 -0.4326881204696964 -0.16673334077132307
0.15653153378392512 0.3131906952454842 -0.28545443056123365 -0.8181615494786659 -0.42949382802199615 -0.168613175597737
0.15616769656992122 0.3134481198105971 -0.28543039246439533 -0.8180114999117885 -0.4306878223190421 -0.16987148829184764
0.15579608091281968 0.31363548962016274 -0.285534637719083 -0.8172410262949549 -0.433261523065031 -0.1709365355483023
0.15542446525571812 0.3138228594297284 -0.2856388829737706 -0.8164666085522634 -0.4358344759255544 -0.17200504276942583
0.1552054295694884 0.3139164489195677 -0.2859588008066356 -0.8139618689149855 -0.4374998675813392 -0.17194784678994882
0.15502087811697132 0.31398884334399574 -0.2863274622822525 -0.8110652506510994 -0.43896098229968944 -0.1716398153521987
0.15483632666445427 0.31406123776842376 -0.2866961237578694 -0.8081671379523861 -0.4404228990276834 -0.17133625213508702
0.15467740790949935 0.3144131675509262 -0.28674962426922695 -0.808601594603748 -0.44218205996456494 -0.17095887073642826
0.15452229640350157 0.31480661698612683 -0.28675631362270365 -0.8095326375666443 -0.44398499777688477 -0.17056810238844441
0.15436718489750376 0.3152000664213275 -0.28676300297618035 -0.8104652618718987 -0.4457876058383489 -0.17017513777300436
0.15440249055020017 0.3158426177486997 -0.2862705902119456 -0.8144703637072075 -0.44416599123971845 -0.17068447277420745
0.1544530799278896 0.3165051630978361 -0.28573811729996546 -0.8187195011236834 -0.4422717129791108 -0.17127440644864927
0.15450366930557904 0.31716770844697256 -0.28520564438798535 -0.8229660747618608 -0.4403797156185148 -0.17187270542655464
0.1545542586832685 0.31783025379610896 -0.2846731714760052 -0.8272101249329672 -0.4384900319011331 -0.17247934145878221
